0.55
15
0.5
1
1.5
2
2.5
3
3.5
4
4.5
5
5.5
6
6.5
7
7.5
15
3
4
5
6
7
8
9
10
11
12
13
14
15
16
17
4.44	5.07	7.97	12.15	16.77	17.14	11.94	9.16	6.57	4.39	4.00	3.00	2.86	1.95	1.71
16.65	19.00	29.48	46.94	56.61	52.38	37.14	28.73	19.84	16.62	12.94	9.33	7.29	7.40	4.49
0.00	41.54	63.14	92.37	110.74	109.49	64.96	55.91	38.49	29.09	22.06	19.26	12.74	11.21	11.50
0.00	66.29	99.03	150.67	200.97	164.91	105.27	85.30	58.63	52.31	40.56	28.76	24.22	19.31	17.57
0.00	0.00	160.23	241.82	261.83	226.36	166.20	117.65	83.09	69.87	57.47	39.24	28.51	26.20	23.73
0.00	0.00	212.52	319.26	372.09	327.17	210.96	151.98	116.43	93.66	75.42	66.09	44.81	42.09	30.83
0.00	0.00	270.15	436.02	503.15	407.75	292.71	203.22	148.33	115.49	92.63	74.81	57.97	44.27	41.16
0.00	0.00	0.00	553.82	540.26	521.33	355.46	260.73	191.66	144.19	122.78	84.04	81.01	55.80	53.24
0.00	0.00	0.00	645.46	746.22	586.83	378.72	302.18	236.42	189.64	154.41	105.88	89.58	74.26	55.78
0.00	0.00	0.00	796.15	926.13	694.67	485.91	341.08	287.07	211.41	167.83	135.72	111.21	93.81	77.53
0.00	0.00	0.00	939.38	954.73	807.95	603.12	429.61	343.03	231.19	201.49	150.14	120.29	96.75	89.90
0.00	0.00	0.00	0.00	1161.42	956.67	642.03	480.81	329.09	289.47	212.26	171.77	145.82	110.89	100.85
0.00	0.00	0.00	0.00	1476.47	1039.27	702.04	487.62	396.60	311.56	236.66	203.88	153.43	120.26	102.25
0.00	0.00	0.00	0.00	1664.93	1197.05	820.77	612.40	465.98	384.59	251.62	222.70	180.55	146.28	131.44
0.00	0.00	0.00	0.00	1608.45	1407.61	922.63	703.98	508.65	373.47	325.45	229.49	190.53	151.78	149.26
